
1. øešení (Warnsdorff)
1 36 17 40 3 26 29
18 43 2 37 28 39 4
35 16 41 44 25 30 27
42 19 48 31 38 5 24
15 34 45 22 47 8 11
20 49 32 13 10 23 6
33 14 21 46 7 12 9

2. øešení (Warnsdorff)
1 36 17 40 3 26 29
18 43 2 37 28 39 4
35 16 41 44 25 30 27
42 19 48 31 38 5 24
15 34 45 22 49 8 11
20 47 32 13 10 23 6
33 14 21 46 7 12 9

3. øešení (Warnsdorff)
1 36 17 40 3 26 29
18 43 2 37 28 39 4
35 16 41 44 25 30 27
42 19 46 31 38 5 24
15 34 49 22 45 8 11
20 47 32 13 10 23 6
33 14 21 48 7 12 9

4. øešení (Warnsdorff)
1 36 17 40 3 26 29
18 43 2 37 28 39 4
35 16 41 48 25 30 27
42 19 44 31 38 5 24
15 34 49 22 47 8 11
20 45 32 13 10 23 6
33 14 21 46 7 12 9

5. øešení (Warnsdorff)
1 36 17 40 3 26 29
18 43 2 37 28 39 4
35 16 41 48 25 30 27
42 19 44 31 38 5 24
15 34 47 22 49 8 11
20 45 32 13 10 23 6
33 14 21 46 7 12 9

6. øešení (Warnsdorff)
1 36 17 40 3 26 29
18 43 2 37 28 39 4
35 16 41 46 25 30 27
42 19 44 31 38 5 24
15 34 47 22 45 8 11
20 49 32 13 10 23 6
33 14 21 48 7 12 9

7. øešení (Warnsdorff)
1 36 17 40 3 26 29
18 45 2 37 28 39 4
35 16 41 44 25 30 27
42 19 46 31 38 5 24
15 34 43 22 47 8 11
20 49 32 13 10 23 6
33 14 21 48 7 12 9

8. øešení (Warnsdorff)
1 36 17 40 3 26 29
18 45 2 37 28 39 4
35 16 41 44 25 30 27
42 19 46 31 38 5 24
15 34 43 22 49 8 11
20 47 32 13 10 23 6
33 14 21 48 7 12 9
